TimeMin,DayOfWeek,PickupCount
57,5,111
68,5,95
182,5,95
298,5,75
363,5,35
395,5,30
483,5,15
501,5,13
509,5,14
514,5,15
517,5,9
545,5,7
655,5,23
683,5,12
696,5,17
720,5,17
723,5,7
743,5,12
787,5,21
808,5,22
819,5,17
860,5,23
870,5,17
942,5,24
945,5,31
1131,5,40
1283,5,24
1336,5,24
1380,5,37
1382,5,28
1396,5,32
1421,5,36
1432,5,27
1435,5,20
13,6,19
61,6,25
355,6,4
356,6,9
387,6,8
493,6,9
497,6,21
502,6,20
570,6,29
589,6,26
598,6,28
607,6,18
695,6,24
898,6,38
913,6,44
948,6,38
965,6,38
995,6,39
1001,6,37
1051,6,52
1057,6,55
1065,6,47
1082,6,54
1087,6,48
1128,6,55
1165,6,47
1196,6,46
1219,6,42
1220,6,56
1382,6,57
1405,6,58
1413,6,60
1429,6,57
1433,6,40
48,7,50
107,7,34
176,7,25
239,7,31
253,7,24
297,7,12
346,7,13
365,7,8
400,7,10
432,7,8
449,7,15
556,7,21
590,7,29
602,7,20
611,7,17
697,7,46
765,7,43
881,7,36
953,7,54
992,7,48
1031,7,55
1048,7,49
1050,7,60
1063,7,54
1140,7,66
1225,7,47
1236,7,53
1250,7,64
1310,7,47
1326,7,46
1372,7,45
4,1,58
37,1,59
48,1,43
124,1,46
149,1,34
152,1,30
226,1,35
245,1,25
256,1,21
337,1,13
437,1,7
491,1,7
519,1,14
547,1,13
559,1,22
573,1,19
629,1,23
693,1,21
749,1,25
789,1,32
797,1,42
804,1,31
809,1,30
852,1,22
902,1,33
908,1,30
935,1,48
957,1,25
1057,1,49
1062,1,37
1075,1,58
1080,1,33
1099,1,28
1112,1,44
1120,1,36
1130,1,38
1196,1,47
1218,1,53
1220,1,56
1251,1,46
1252,1,36
1318,1,28
1331,1,27
1344,1,21
171,2,6
187,2,6
215,2,5
279,2,3
392,2,7
403,2,16
520,2,39
524,2,47
592,2,34
639,2,33
726,2,27
799,2,26
854,2,36
1005,2,51
1132,2,52
1138,2,55
1219,2,45
1236,2,32
1257,2,57
1260,2,25
1267,2,32
1313,2,27
1357,2,26
1371,2,27
1408,2,24
1434,2,24
144,3,8
247,3,10
284,3,1
293,3,4
301,3,5
312,3,4
383,3,12
394,3,10
454,3,27
507,3,41
529,3,38
590,3,32
632,3,33
645,3,22
755,3,24
790,3,21
851,3,13
861,3,39
863,3,38
912,3,24
916,3,36
922,3,28
932,3,39
975,3,40
990,3,42
1015,3,39
1077,3,49
1145,3,50
1170,3,58
1190,3,52
1201,3,50
1231,3,41
1234,3,53
1239,3,36
1258,3,32
1281,3,36
1424,3,19
39,4,18
45,4,12
57,4,10
105,4,6
117,4,14
124,4,7
139,4,10
154,4,8
211,4,8
294,4,5
307,4,10
375,4,11
425,4,17
428,4,16
485,4,39
491,4,41
496,4,35
547,4,32
647,4,30
727,4,22
799,4,27
885,4,33
978,4,42
982,4,63
1255,4,49
1298,4,46
1339,4,41
1420,4,40
6,5,25
11,5,25
43,5,25
54,5,20
107,5,9
117,5,8
154,5,6
167,5,7
217,5,6
350,5,7
421,5,15
452,5,28
496,5,41
519,5,46
586,5,42
612,5,38
633,5,46
637,5,29
654,5,37
792,5,26
825,5,35
860,5,33
867,5,38
907,5,37
991,5,41
1001,5,46
1029,5,46
1080,5,58
1109,5,56
1300,5,37
1332,5,37
1343,5,50
1358,5,48
1382,5,43
71,6,17
93,6,16
146,6,12
163,6,15
178,6,10
193,6,9
198,6,8
265,6,3
283,6,11
304,6,10
325,6,6
327,6,6
394,6,9
410,6,13
427,6,22
491,6,30
549,6,29
554,6,38
567,6,37
644,6,40
645,6,37
714,6,38
775,6,27
816,6,31
888,6,35
901,6,36
903,6,31
912,6,55
919,6,50
1070,6,58
1101,6,65
1123,6,78
1155,6,69
1226,6,65
1310,6,49
1342,6,56
1347,6,69
19,7,61
92,7,55
146,7,63
149,7,50
197,7,41
258,7,26
281,7,15
299,7,13
319,7,10
334,7,13
343,7,9
481,7,20
496,7,12
511,7,15
513,7,15
517,7,26
522,7,18
586,7,34
663,7,36
743,7,37
765,7,41
798,7,33
835,7,30
901,7,42
932,7,60
939,7,61
942,7,66
1002,7,61
1024,7,69
1050,7,71
1156,7,73
1262,7,70
1288,7,73
1294,7,59
1300,7,69
1403,7,71
68,1,70
95,1,72
99,1,70
125,1,58
133,1,58
222,1,41
237,1,48
252,1,40
280,1,31
326,1,12
337,1,17
357,1,11
473,1,7
504,1,5
519,1,13
605,1,23
610,1,13
671,1,33
678,1,27
690,1,27
710,1,39
783,1,35
785,1,41
788,1,39
810,1,39
818,1,44
831,1,41
848,1,31
862,1,44
901,1,46
921,1,46
968,1,34
984,1,54
1012,1,50
1019,1,47
1045,1,35
1049,1,48
1124,1,49
1180,1,34
1247,1,34
1383,1,26
1409,1,34
7,2,16
11,2,28
105,2,11
165,2,8
166,2,11
180,2,10
206,2,6
322,2,9
354,2,5
379,2,6
383,2,10
480,2,40
543,2,40
574,2,35
597,2,32
605,2,28
651,2,28
709,2,33
729,2,37
745,2,27
926,2,26
930,2,47
957,2,32
980,2,58
997,2,45
1019,2,42
1052,2,32
1151,2,47
1154,2,41
1162,2,30
1184,2,49
1189,2,41
1223,2,39
1251,2,43
1284,2,39
1295,2,29
1302,2,32
1340,2,29
1405,2,25
10,3,27
36,3,25
77,3,18
122,3,8
223,3,1
287,3,4
312,3,8
376,3,10
385,3,7
475,3,29
496,3,50
524,3,54
531,3,43
534,3,46
544,3,29
620,3,33
650,3,34
656,3,29
662,3,29
693,3,37
711,3,27
727,3,23
734,3,29
774,3,31
928,3,33
939,3,40
1049,3,46
1065,3,66
1075,3,54
1094,3,62
1105,3,53
1184,3,66
1212,3,54
1217,3,57
1244,3,43
1311,3,41
1342,3,27
1346,3,38
1415,3,24
1417,3,26
68,4,22
151,4,6
251,4,7
277,4,3
279,4,5
295,4,5
296,4,5
298,4,5
318,4,2
344,4,11
352,4,5
366,4,7
476,4,26
557,4,34
626,4,44
634,4,24
671,4,22
681,4,22
694,4,34
732,4,25
768,4,34
863,4,28
1017,4,49
1032,4,51
1150,4,75
1208,4,38
1216,4,47
1243,4,50
1249,4,45
1361,4,39
1413,4,43
1415,4,32
1425,4,33
1438,4,19
40,5,24
63,5,21
68,5,17
119,5,11
148,5,14
149,5,10
224,5,6
263,5,13
284,5,6
316,5,3
384,5,9
410,5,21
430,5,14
432,5,18
447,5,21
496,5,43
539,5,44
556,5,44
568,5,38
625,5,21
691,5,24
712,5,23
737,5,36
794,5,34
802,5,36
843,5,31
849,5,33
944,5,49
960,5,40
1013,5,42
1079,5,51
1168,5,43
1217,5,53
1226,5,49
1259,5,55
1261,5,48
1278,5,47
1289,5,47
1327,5,43
1365,5,47
1422,5,32
6,6,30
17,6,34
45,6,33
82,6,21
94,6,31
231,6,12
247,6,7
248,6,13
250,6,16
257,6,12
262,6,8
342,6,6
387,6,12
407,6,18
412,6,21
416,6,15
438,6,29
523,6,43
529,6,33
537,6,41
553,6,38
583,6,37
586,6,37
594,6,53
603,6,34
636,6,29
639,6,37
669,6,34
707,6,37
745,6,24
824,6,25
1001,6,52
1123,6,92
1137,6,70
1141,6,62
1144,6,78
1223,6,78
1259,6,78
1313,6,64
1316,6,73
1352,6,75
1386,6,71
1423,6,87
9,7,64
17,7,75
43,7,60
49,7,75
58,7,84
76,7,60
144,7,49
258,7,28
265,7,36
274,7,25
314,7,18
392,7,7
412,7,9
432,7,8
448,7,11
464,7,10
486,7,13
535,7,22
557,7,19
560,7,29
564,7,18
580,7,18
618,7,25
656,7,31
684,7,25
693,7,29
695,7,33
697,7,41
698,7,35
733,7,39
740,7,30
787,7,34
816,7,42
868,7,47
882,7,49
897,7,40
948,7,51
958,7,59
1026,7,54
1077,7,69
1088,7,45
1104,7,61
1121,7,67
1133,7,73
1186,7,71
1214,7,67
1219,7,58
1246,7,67
1428,7,65
3,1,69
184,1,51
190,1,63
208,1,53
227,1,51
293,1,23
353,1,16
418,1,10
445,1,6
495,1,13
496,1,10
532,1,23
549,1,22
562,1,25
584,1,28
586,1,23
633,1,35
649,1,36
736,1,42
799,1,35
817,1,43
933,1,43
934,1,42
958,1,50
993,1,50
994,1,44
1029,1,40
1059,1,42
1061,1,42
1109,1,44
1215,1,40
1279,1,31
1281,1,40
1326,1,33
1353,1,43
1402,1,29
24,2,38
42,2,27
48,2,24
61,2,22
161,2,13
196,2,12
198,2,8
211,2,12
228,2,7
230,2,13
239,2,10
297,2,8
298,2,5
318,2,11
415,2,10
450,2,9
458,2,10
487,2,13
502,2,11
508,2,23
511,2,15
539,2,15
549,2,25
600,2,22
673,2,22
676,2,21
689,2,23
736,2,27
778,2,29
814,2,29
869,2,17
886,2,29
902,2,31
972,2,20
1004,2,41
1009,2,33
1083,2,43
1103,2,39
1143,2,40
1202,2,37
1303,2,26
1309,2,25
1352,2,37
1430,2,22
1,3,21
39,3,20
94,3,10
108,3,6
142,3,5
151,3,3
162,3,5
167,3,9
173,3,7
175,3,9
189,3,3
205,3,7
214,3,10
222,3,5
287,3,2
363,3,7
413,3,21
423,3,21
486,3,47
513,3,46
580,3,51
615,3,30
668,3,22
803,3,24
867,3,29
875,3,43
890,3,35
894,3,40
917,3,38
935,3,44
939,3,34
996,3,38
1010,3,39
1033,3,37
1047,3,42
1080,3,55
1084,3,44
1140,3,62
1149,3,51
1154,3,67
1168,3,50
1246,3,31
1282,3,43
1397,3,23
27,4,13
94,4,9
139,4,16
243,4,10
316,4,5
344,4,2
356,4,8
385,4,10
468,4,43
500,4,57
585,4,44
655,4,26
687,4,30
757,4,27
830,4,40
834,4,30
883,4,35
887,4,40
896,4,36
981,4,28
1025,4,35
1037,4,52
1047,4,46
1089,4,56
1128,4,53
1129,4,53
1187,4,48
1197,4,54
1224,4,44
1236,4,38
1346,4,33
1380,4,38
39,5,18
81,5,26
84,5,15
90,5,11
97,5,13
148,5,7
191,5,6
213,5,7
386,5,9
570,5,42
593,5,46
623,5,38
653,5,24
689,5,34
705,5,32
717,5,24
754,5,30
800,5,34
853,5,33
955,5,44
1058,5,46
1095,5,58
1112,5,49
1119,5,50
1151,5,54
1209,5,66
1255,5,61
1338,5,50
6,6,27
10,6,36
12,6,29
18,6,38
20,6,31
70,6,27
77,6,25
82,6,20
117,6,18
129,6,17
149,6,19
160,6,17
162,6,14
219,6,10
248,6,11
322,6,7
361,6,6
381,6,8
383,6,13
388,6,10
397,6,16
419,6,19
434,6,26
454,6,28
468,6,31
554,6,36
665,6,34
718,6,24
742,6,31
771,6,30
808,6,25
820,6,36
836,6,39
967,6,39
1004,6,57
1021,6,44
1028,6,57
1066,6,66
1124,6,69
1132,6,62
1233,6,57
1260,6,56
1270,6,55
1312,6,49
1341,6,74
1361,6,61
69,7,55
75,7,47
166,7,26
239,7,29
469,7,13
478,7,10
498,7,14
567,7,25
695,7,44
707,7,25
745,7,19
748,7,35
789,7,39
825,7,32
882,7,41
985,7,41
988,7,35
1012,7,38
1041,7,59
1063,7,50
1067,7,46
1148,7,71
1156,7,66
1158,7,73
1174,7,74
1235,7,70
1252,7,47
1258,7,60
1297,7,76
1347,7,63
1380,7,74
1398,7,82
13,1,56
16,1,63
39,1,68
55,1,58
89,1,62
211,1,33
235,1,40
318,1,17
437,1,11
454,1,16
460,1,8
511,1,17
548,1,12
583,1,20
601,1,24
658,1,33
662,1,31
713,1,33
758,1,38
762,1,37
770,1,39
776,1,34
796,1,32
797,1,45
849,1,44
872,1,54
910,1,38
994,1,37
999,1,50
1114,1,52
1181,1,50
1285,1,41
1289,1,44
1360,1,39
1422,1,30
43,2,16
48,2,17
52,2,21
55,2,17
132,2,10
159,2,8
242,2,14
300,2,5
333,2,11
381,2,13
416,2,13
457,2,39
477,2,44
508,2,44
567,2,31
669,2,28
728,2,29
731,2,33
790,2,36
815,2,35
895,2,23
910,2,37
1026,2,27
1072,2,19
1181,2,14
1364,2,2
1366,2,4
1406,2,1
530,3,4
569,3,4
621,3,7
622,3,3
651,3,8
689,3,8
690,3,9
785,3,15
823,3,16
833,3,22
882,3,23
1014,3,18
1028,3,20
1032,3,17
1044,3,27
1050,3,22
1093,3,29
1162,3,27
1256,3,26
1266,3,21
1317,3,21
1428,3,17
79,4,12
197,4,2
248,4,7
270,4,2
272,4,4
337,4,10
368,4,7
414,4,13
423,4,18
424,4,22
431,4,15
459,4,35
492,4,40
611,4,32
679,4,33
707,4,43
725,4,27
780,4,21
795,4,27
871,4,37
890,4,34
934,4,42
989,4,51
999,4,42
1050,4,36
1108,4,64
1141,4,42
1225,4,39
1298,4,37
44,5,21
106,5,7
120,5,12
171,5,11
178,5,8
182,5,8
200,5,4
252,5,15
312,5,4
366,5,10
400,5,12
401,5,18
442,5,26
488,5,31
492,5,47
503,5,40
518,5,51
529,5,50
553,5,38
597,5,43
613,5,35
624,5,32
669,5,35
721,5,37
730,5,37
732,5,38
747,5,32
805,5,29
819,5,28
918,5,35
950,5,38
1090,5,57
1268,5,36
1292,5,54
1327,5,50
1365,5,46
1378,5,41
28,6,31
113,6,24
118,6,14
155,6,12
167,6,14
185,6,11
193,6,15
195,6,11
204,6,11
226,6,3
357,6,8
438,6,22
442,6,22
445,6,32
449,6,34
488,6,49
499,6,36
537,6,51
550,6,44
555,6,44
601,6,30
606,6,50
652,6,40
710,6,28
797,6,26
814,6,35
898,6,35
932,6,49
933,6,42
939,6,45
979,6,56
982,6,63
985,6,73
1007,6,51
1053,6,59
1076,6,83
1106,6,81
1110,6,77
1134,6,76
1209,6,96
1280,6,74
1306,6,96
1344,6,84
1377,6,67
8,7,77
9,7,71
33,7,77
36,7,74
108,7,62
182,7,49
189,7,41
234,7,27
328,7,12
333,7,14
363,7,14
456,7,12
475,7,18
486,7,13
495,7,19
518,7,30
694,7,39
738,7,42
751,7,39
761,7,35
764,7,39
877,7,43
885,7,44
920,7,54
944,7,47
990,7,67
1042,7,66
1071,7,57
1147,7,72
1148,7,69
1177,7,88
1190,7,84
1211,7,63
1262,7,69
1282,7,85
1392,7,84
1396,7,79
1399,7,81
1429,7,91
